Begin of the X-Distribution.
5018
0
4931
0
0
4848
0
4880
0
0
5085
0
4973
0
0
4954
0
4937
0
0
4938
0
4993
0
0
4977
0
5003
0
0
5060
0
5043
0
0
4877
0
4923
0
0
4972
0
5032
0
0
4931
0
5026
0
0
5027
0
4966
0
0
5044
0
5140
0
0
4992
0
5001
0
0
5010
0
5083
0
0
5008
0
5047
0
0
4969
0
4926
0
0
5054
0
4979
0
0
5179
0
5041
0
0
5008
0
5021
0
0
5076
0
4993
0
0
4885
0
4927
0
0
5040
0
5073
0
0
5037
0
5010
0
0
5029
0
4868
0
0
4877
0
4985
0
0
4922
0
5091
0
0
4897
0
5032
0
0
5053
0
4990
0
0
4993
0
5011
0
0
5056
0
5016
0
0
4977
0
4907
0
0
5053
0
4986
0
0
5007
0
5059
0
0
5021
0
5031
0
0
5040
0
4974
0
0
5065
0
5108
0
0
4976
0
5010
0
0
4964
0
5154
0
0
4924
0
5070
0
0
5028
0
5054
0
0
5056
0
4915
0
0
5052
0
4895
0
0
4947
0
4944
0
0
4933
0
4896
0
0
5041
0
5021
0
0
4842
0
5106
0
0
5039
0
4953
0
0
5023
0
5074
0
0
4995
0
5018
0
0
5118
0
5065
0
0
5048
0
4974
0
0
4995
0
5045
0
0
5063
0
4981
0
0
4862
0
4975
0
0
5034
0
5078
0
0
5054
0
5094
0
0
4945
0
5121
0
0
4905
0
5025
0
0
5050
0
4983
0
0
5114
0
4964
0
0
4958
0
4884
0
0
5000
0
4880
0
0
5095
0
4961
0
0
5015
0
5134
0
0
5073
0
5011
0
0
4894
0
5010
0
0
4867
0
5060
0
0
5138
0
4856
0
0
4903
0
5070
0
0
4810
0
5072
0
0
5038
0
5006
0
0
4954
0
5033
0
0
5003
0
4942
0
0
4959
0
4950
0
0
4973
0
5023
0
0
5019
0
4921
0
0
5020
0
4946
0
0
5248
0
5027
0
0
5018
0
5039
0
0
4957
0
5032
0
0
4936
0
4962
0
0
5122
0
4972
0
0
5093
0
5010
0
0
5030
0
5070
0
0
5007
0
4997
0
0
5034
0
4932
0
0
5044
0
4955
0
0
5003
0
4999
0
0
4971
0
4908
0
0
5052
0
4954
0
0
5131
0
5029
0
0
4986
0
4999
0
0
5021
0
4990
0
0
4894
0
4946
0
0
4943
0
4854
0
0
5075
0
4913
0
0
4942
0
4993
0
0
5039
0
5025
0
0
4977
0
4958
0
0
5076
0
4951
0
0
End of the X-Distribution.
